12.9118
19.497
34.2777
47.9271
48.4212
0.712384
2.47518
2.50202
1.2606
1.03697
0.813131
0.776064
0.733997
6.63921
2.02627
0.754625
0.433761
0.358734
0.352879
14.5399
6.0981
5.98851
8.0205
8.72137
0.0963994
2.0493
1.76354
3.48297
1.83645
1.29872
0.906622
0.839105
0.785403
0.103078
518.347
1.71686
1.82336
1.67065
1.03908
0.734019
0.723375
0.313464
0.669405
0.902534
1.06096
1.10502
1.09016
1.01906
0.919437
0.904847
0.833066
0.481109
0.582056
11.414
6.75385
3.9388
4.20867
2.5051
2.15821
1.62407
1.35584
1.18434
1.01629
0.871052
0.782437
0.689847
0.607291
0.602863
0.425084
2.40999
2.03631
1.60137
1.48538
1.1806
1.14329
1.0227
1.03967
0.997625
0.952217
0.923658
0.900595
0.872
0.829273
0.825168
0.749019
11184810 0.495014
15395839 0.0099172
11184811 0.0276466
6990506 1.41024
2796202 1.65378
10922666 0.371458
14347263 0.0589852
13298687 0.143078
10660522 0.0602096
10136234 0.915363
9087658 0.60928
15462399 0.000457671
10136235 0.203536
9087659 0.0694996
10922667 0.168126
10660523 0.0623467
11185067 0.00318787
13036543 0.476214
13822975 0.244583
14085119 0.0451793
6990507 0.613803
12774399 0.0261483
2796203 0.169258
15133695 0.0421234
14871551 0.035586
16777215 5.976
5941930 1.46417
12971007 0.578672
12708863 0.292913
699050 1.30499
5941931 0.338677
699051 0.333712
1747626 1.03949
4893354 0.390633
6986410 0.302765
2788010 0.273354
2792106 1.0518
6982314 0.255436
14281727 0.410868
9022123 0.446359
13167615 0.295634
9022122 0.839194
6990442 1.38257
1485482 0.0128178
6990490 0.428591
2796074 0.489138
10135210 0.493336
4369066 0.00501509
14019583 0.0227336
2796170 0.0501404
2779818 3.88158
12643327 0.0348873
13233151 0.251401
10660506 0.108212
9085610 0.0412984
10070698 2.29502
8956586 0.0651979
1485483 0.019078
4369067 0.019806
9874090 0.0232971
8563370 0.0109166
9086634 0.435844
10134186 0.0872415
9874091 0.00750772
6728362 0.161026
8563371 0.0258975
2271914 0.065827
2534058 0.376557
15129599 0.737108
14863359 0.00576514
6466218 0.10154
5679786 0.0272444
10922650 0.0562609
2796201 1.31561
174762 0.0145925
1419946 0.00706021
10660490 0.00608732
4237994 0.0199681
4631211 1.32244
6990762 0.362287
14413823 0.0181739
1223339 1.18265
13365247 0.0386411
2796458 0.267304
13032447 1.25482
2796138 1.54703
6990378 1.09315
13814783 2.12112
1419947 0.00834513
4237995 0.017985
6990474 0.0528107
2796186 0.261581
6974122 1.62329
13757439 0.301113
14151599 0.0131949
12905471 1.26526
12840879 0.0109887
13035519 0.27033
2763434 1.63119
8825515 1.19589
9611947 0.58762
10918570 0.0103988
13820927 0.121215
10652330 0.00916233
4893355 0.276748
2529962 0.0214852
4303531 0.180375
10070699 0.371667
371371 0.446838
1746602 0.674565
1747627 0.4577
6458026 0.00660618
8956587 0.265523
5942186 1.00175
4891306 0.0850399
9607850 1.31688
699306 1.93814
6990505 2.67239
6724266 0.0177581
10656426 2.71033
6986666 0.178725
12966911 1.92728
2263722 0.012024
2796200 0.797221
12706815 1.94037
2788266 0.12395
8559274 1.43984
6728363 0.178055
6990763 0.138471
2271915 0.175707
5679787 0.0137382
2796459 0.377996
174763 0.098838
4631210 3.07745
8825514 3.71113
5417642 1.43797
1485226 0.0371535
10136491 0.0235211
350890 1.79849
2771498 0.055978
5937834 0.0169019
1198634 0.231617
9087915 0.173054
1403562 0.0162986
9611946 2.8462
674346 0.0311783
690858 0.0523449
1223338 6.19581
1731242 0.995846
436906 1.87947
682666 0.610632
1485738 0.0877592
4369322 0.0182845
1219242 3.02913
4623018 3.43668
367274 1.07893
6981290 0.0602598
1747562 1.8759
5925547 1.37718
5941866 1.65932
4893226 0.110288
4301482 0.30161
4892330 0.630584
2786986 0.665949
666283 2.44121
698922 0.556879
5941929 1.81838
6974123 0.803039
6711978 0.26146
1745578 1.08525
14084095 0.754821
4893610 0.0934667
2763435 0.435194
1403563 0.0204834
699048 0.608526
2239146 0.20937
12772351 0.0130296
5663402 0.0171019
1747882 0.429806
674602 0.599855
6466219 0.1251
2791082 0.0982998
4827819 0.921473
5939882 0.0903063
14081023 0.0536298
141994 0.0351175
633515 0.941481
2534059 0.319226
10922922 0.322985
6980266 0.0310934
12766207 0.0108875
1469098 0.0114731
698026 1.63305
12639231 0.486796
13885295 0.32977
350891 0.441603
674474 0.0153581
5941914 0.378489
1198890 0.975659
9022118 0.910311
1485481 0.0436113
10660778 0.0179011
5417643 0.296346
699018 0.0794577
2796041 0.0310096
8956522 0.231895
367275 0.615241
5938090 0.0470441
12707839 0.401499
4303530 0.0580155
1484458 0.013449
12836719 0.875203
691114 0.503719
1682091 0.0519606
4762283 0.0139192
6990698 0.736686
4301483 0.237898
5876394 7.44552
4627114 4.25865
4367018 0.0225508
5876395 1.15477
436907 0.798955
5413546 0.497969
13818879 0.689841
567979 0.265039
2796330 0.544633
5925546 1.75774
12836783 0.631195
567978 0.347856
14151535 0.183477
13812735 1.0812
371370 0.742089
2775722 0.952638
2255530 0.3115
12840751 0.128032
666282 1.9803
1743530 0.105284
4827818 0.605053
428714 0.468744
9874346 0.0587346
633514 1.29662
15200175 0.331436
4885162 0.0214717
1485227 0.047916
1215146 2.6022
2771626 0.431516
2517674 0.801189
2771754 0.125215
5940906 0.382963
8563626 0.0567746
10135211 0.212415
14938031 0.0847145
697002 0.488764
9085611 0.0223574
9087654 0.660614
6982570 0.296918
1747625 1.31742
1747610 0.450211
14015487 0.456548
8759979 0.273636
4876970 0.756911
2792362 0.736593
1469354 0.138123
8497835 0.257943
2796073 0.489578
4893322 0.0584424
12635135 0.0147638
1714858 2.19269
674475 0.0271431
6728346 0.082619
5680042 0.0403012
5941802 0.837288
175018 0.0597297
5941674 1.71696
5942187 0.767054
698986 0.935646
2271882 0.055889
10656427 1.95181
6728298 0.524548
6728361 0.395878
699307 3.62198
2530218 0.0493545
1485466 0.0165299
6986346 0.0320638
1485418 0.03099
6458282 0.0182878
698538 0.833479
9022106 0.241439
4369034 0.0297994
10918571 0.0153878
10656682 1.2023
5614251 0.0303167
4302507 0.645067
2787882 0.0896038
2271912 0.162757
2271786 0.182239
4368938 0.0284722
43691 0.256817
363179 0.471757
1469099 0.070333
9022090 0.197123
682667 0.35899
6990426 0.0539254
4302506 0.0466444
14151679 0.367057
13749247 0.552811
10652331 0.0359096
4221610 0.0417283
1387178 0.051475
674730 0.482983
4893611 0.0258482
1747883 0.302646
5680043 0.034608
12840959 0.0330111
175019 0.0909172
1747370 1.07016
1731498 1.59322
12901375 0.504749
9607834 0.0630912
9874026 0.0307315
4293003 0.0328235
363178 0.223132
10070666 0.411504
2796042 0.0756619
4631194 0.523164
6720170 2.26113
12698623 0.854417
2267818 2.41547
13103103 0.531204
2779690 1.07928
5663403 0.095153
6711979 0.17537
9874058 0.0150454
8557226 0.0302235
432810 3.60446
141995 0.67058
367258 0.445421
334442 0.707142
8563242 0.0592312
5409450 4.17509
8956518 0.25845
8956570 0.140398
13889535 0.0787652
1223306 0.179434
2239147 0.331036
8563354 0.0288824
8821418 3.61642
4301218 0.126481
4301450 0.0430434
4893290 1.24822
2534314 1.00353
5663658 0.0594675
5942122 1.74866
4623014 0.724224
142250 0.0573918
2796137 1.57619
6466474 0.100547
699049 1.22885
5679785 0.11009
4885418 0.0463001
699178 2.80592
12770303 0.893152
1219234 0.840567
1743786 0.0424618
2779754 2.46553
1485739 0.386078
174760 0.0775748
1747498 0.834584
698794 1.91805
2778794 1.66239
4369323 0.0699318
2792090 0.0193212
5941898 0.29646
334490 1.8275
13885359 0.646869
4301194 0.0471827
6973098 0.423813
2779786 0.256709
6986411 0.21522
6982282 0.0141285
699034 0.79753
5937835 0.0298289
4762282 0.0511865
1682090 0.687775
9607851 0.963213
4622986 0.12605
1219226 0.100878
690859 0.0847533
6986394 0.0254644
9874074 0.0473382
1452714 0.411123
8825498 0.63066
2788011 0.057996
2761386 0.327245
2792105 0.88849
4352682 0.018679
2513578 0.118276
12836863 0.0650234
9611930 1.55228
5397162 0.279683
9603754 6.96963
10134170 0.801498
1746603 0.511824
2788009 0.171889
4893098 0.696471
13885439 0.31763
1677994 0.0360741
2247338 0.0341779
2534042 0.152871
1419945 0.0512273
6466186 0.0230879
2779802 0.638981
8563338 0.0471186
4754090 0.0413502
9086618 0.0307607
2787978 0.0523147
5614250 0.0468002
137898 0.532291
5941675 0.433069
8559530 0.864855
1747114 3.07197
4891307 0.107536
2796033 0.106839
1198762 2.53286
2777770 0.175716
43690 0.106089
5933738 3.12254
10922923 0.765958
13816831 0.680783
698539 1.03345
1419882 0.0419375
1219243 1.6244
10134154 0.0178714
4627370 0.371586
9605802 0.0478707
416426 4.48319
10656410 0.0980263
6449834 0.119643
694954 2.79527
10660779 0.294838
5679722 0.0678589
371354 0.152595
4237866 0.100963
6985386 0.0866102
2501290 0.693132
4623019 1.95196
12836767 0.63575
9085594 0.458107
8825482 1.19399
5941926 1.7596
4301227 3.22898
4565675 0.557304
1665706 0.293833
174634 0.0836721
1215402 0.507399
158378 0.045879
8559258 0.297122
1727146 0.373903
109227 0.256361
2534057 0.744226
9611882 2.32092
4827786 0.244139
6990438 2.13258
9611914 0.333356
2796169 0.0846305
12768255 0.269764
8825450 1.63969
633498 0.343037
682538 0.124179
2774698 0.157053
4303498 0.014653
1198763 6.30575
10651306 0.0842022
4827814 1.48455
431786 0.255284
350634 1.44121
2533994 1.35512
2785962 0.115913
6466090 0.171826
699042 1.02482
674376 0.336228
8821419 1.16957
5872298 0.150365
4610731 1.27908
2255498 0.0239012
2796066 0.0578372
334507 3.14058
5679530 0.0544504
5409706 3.68302
633386 0.204117
5671594 0.764451
9874347 0.053515
4631402 0.468331
4893353 0.710002
4893338 0.463284
1182379 1.15576
8563627 0.139558
13885343 0.254345
559786 0.196491
174250 0.112283
5860010 3.82581
6986602 0.0493747
416682 2.50322
1223466 0.835442
5407402 0.190921
8825386 3.78775
1747594 1.2904
1747624 1.2578
4892314 0.046009
2788138 0.10844
1403498 0.0629994
170666 1.67204
6990374 0.949688
14346239 0.288516
535210 0.585735
4892202 0.202934
8820394 0.172614
543274 0.112361
1745514 1.53216
433066 1.91796
1745546 0.0770093
13296639 0.30983
2796070 1.09489
1730218 0.577997
1485478 0.178794
4631146 1.96573
6986409 0.445834
5679770 0.0686144
5597867 0.0583823
415402 1.27143
9020074 2.34349
4237930 0.0483206
1419818 0.0148365
4627115 0.660739
9021098 0.00923464
1196683 0.0599611
10923 0.538346
4369058 0.0748163
9808555 0.0444895
8825771 1.15044
9601706 0.0754267
682634 0.151753
1746346 0.508535
1198730 0.12597
1485674 0.170294
174730 0.0553366
2517930 1.9751
1383083 0.0467111
1223210 3.21256
2771627 0.388902
2788008 0.280662
8432299 0.127857
1742506 0.117452
4213419 0.0592095
9603755 0.170241
6724522 0.0334508
8563306 0.0402402
4369194 0.099062
2255402 0.306235
1477546 1.05181
1411754 0.0536024
1665707 0.208721
2263978 0.0551748
1223274 7.48192
4883114 0.0408172
350874 0.642515
1481642 0.0435504
4365226 1.15765
6990634 0.763048
682794 0.379816
4893482 0.200061
12764159 0.0406867
2779819 1.55306
2534315 1.45332
4361130 0.0616878
1747818 0.6015
1196586 0.0806272
9612203 0.54323
4610730 5.93287
4233898 0.212836
2796134 4.53175
1219238 1.47626
6986406 0.374155
367018 0.991747
6466475 0.0570213
10070634 2.3029
6728330 0.149036
4621994 0.36992
1484459 0.036838
4368810 0.0446498
1452906 0.123801
9808554 0.11982
2271898 0.1979
4627050 0.700499
6990370 0.374397
4623010 0.614019
4631082 4.23727
13753343 1.01315
4623002 1.23598
2796394 1.25867
2779814 2.67748
1217194 0.0772913
4352810 0.0315245
13103023 2.16538
6707882 0.102379
6466346 0.227279
1469034 0.219867
674378 0.477665
1215147 0.781203
1182378 1.37693
1219210 1.45993
4367019 0.0603614
1484970 0.0987513
2534250 1.69964
6466202 0.840494
12836655 0.3631
4369065 0.0362071
543402 0.0515555
6986314 0.785292
1485480 0.0130193
2780074 1.58106
4893350 0.57653
4893546 0.236543
8432298 0.175436
2230954 0.0746305
2788002 0.410739
2779810 1.45197
2779817 2.75205
8956458 0.328153
1215018 0.150761
9873066 0.0414621
1452650 0.0223053
6986378 1.62865
2534026 0.0706325
8825706 2.26989
1484202 0.053877
2763178 2.69577
1395370 0.137725
1481386 0.0554432
1739434 2.66788
4352554 0.0336082
1747754 0.555008
1747618 1.86027
1468842 0.1214
8561322 0.0769821
2786970 0.0849472
5417626 0.618307
412202 0.106612
2247210 0.0761291
2787866 0.920313
5937833 0.138014
5352107 1.05415
5860011 2.85108
1747622 3.47529
5663338 0.262671
4889258 1.12551
1661610 0.0766743
363098 0.675406
674472 0.145095
6981258 0.0248147
15200255 0.204773
4360874 0.0869831
4631178 2.80015
2787994 1.89267
1477290 0.75794
5942058 1.44139
2796122 0.0345372
2792042 0.178948
5938026 0.0867063
6990346 0.0587099
4302466 0.397205
141866 0.110461
158250 0.0775369
678570 5.52916
4221611 0.0579158
535211 2.87655
6724267 0.0441047
10136230 3.93
1677995 0.0286274
690856 0.28991
699242 1.66325
14938111 0.046398
690986 0.496338
6982186 0.0637357
9086635 0.718314
8759978 0.204643
9085590 0.71817
2516650 0.0702992
6973866 2.45436
4754091 0.0785448
1223322 1.6422
154282 2.97229
1219498 2.08451
4302474 0.218778
4893346 0.258861
1387179 0.0357533
2263723 0.0763329
6982298 3.94166
350635 0.621867
5597866 0.0824353
363162 1.18824
1202858 1.46415
4892266 0.599484
436874 0.380185
2529963 0.0485144
1682026 0.690597
2771594 0.0635875
674632 0.640826
4623274 2.2705
367273 0.543568
2513834 0.107455
9020075 0.863881
4301226 0.61553
8559270 1.08728
2762922 0.705083
1485450 0.0214689
5937770 0.0868103
350889 0.936484
5939866 1.12133
12969983 0.50251
10922 0.137197
1206954 4.12722
2247339 0.0533671
1485354 0.0182392
10134187 0.154643
6458027 0.0616445
4369002 0.0534762
6972074 0.698964
4364970 1.67219
4762154 0.171315
12700671 0.100836
8825770 3.41983
6724265 0.0621694
1419914 0.0340583
1198122 0.222795
9087650 0.15959
4369050 0.0237884
690730 0.187918
2529961 0.0339335
8497834 0.0380104
1469290 0.695025
1745450 0.374966
2787905 0.256456
4237978 0.0373463
2792074 4.8971
305835 0.852828
5678762 0.0559254
13232127 0.290448
2762410 1.36571
2792102 1.13486
4884138 0.0250153
543403 0.155471
2263720 0.0907554
5941922 1.2455
1219241 1.96456
2787977 0.0592631
699046 1.60346
158379 0.175023
697994 0.588576
1727402 0.0945083
1219137 0.408203
12840815 0.196098
363033 1.26046
4627098 0.240123
1741482 0.310315
172714 0.0806624
5936810 0.0665816
5925290 1.09777
9606826 1.60242
6982306 0.0806116
2787865 1.58974
334506 2.42421
5679531 0.0805164
8820395 0.268977
4303514 0.443484
688810 0.302059
1468074 0.0534288
174251 0.454321
367270 0.44858
665770 1.15358
350886 0.887709
9601707 0.113818
1215114 0.209452
4293002 0.0984221
174761 0.0749833
5411498 0.186283
13889455 0.542328
1198626 0.06799
674442 0.212582
2796121 0.0268977
4302490 0.0732794
2796185 0.161141
9608106 1.83262
4301354 0.052646
5415594 0.0549646
6986402 0.498268
427690 0.364438
8559242 0.581997
9607846 1.00362
174506 0.081216
5872299 0.157799
4827802 0.650968
697962 0.469513
5407370 0.106295
2775658 0.159738
363146 0.0824932
2271913 0.0560029
371338 0.756578
1387114 0.0472975
6728234 0.281307
5937818 0.0715862
334186 1.38475
559787 0.144575
1731178 4.37669
2788006 0.598474
5939754 0.119005
5348010 0.466265
2525866 0.416602
4631209 2.94764
6462122 0.612576
2271850 0.223762
674369 0.208697
1731243 1.22891
633482 0.229247
4221482 0.120392
682922 1.24473
8755882 0.394735
690826 0.324179
4237993 0.0886297
8559266 0.390669
14861311 0.0723079
2786906 0.447081
2787930 1.49194
1419944 0.0918097
435882 1.22305
551594 0.184008
1223336 2.61649
1485417 0.0673011
1746538 0.520063
5941913 0.298572
