N 2
P eval_thresh
P mix
S        0                  218  0.08410922158509493 
S        1                   51   0.1873845872469246 
S        2                  541   0.5396180236712098 
S        3                  417   0.1578104132786393 
S        4                   33    0.332837316673249 
S        5                  575   0.6387888891622424 
R        3 0
S        6                   15   0.4055119506083429 
R        4 0
S        7                   39    0.987395316362381 
R        2 1
S        8                   31  0.05802282458171248 
R        1 1
S        9                  848   0.7031171438284218 
R        5 0
S       10                  357  0.06975540611892939 
R        0 0
S       11                  508   0.5256351232528687 
R        9 0
S       12                  451   0.4055119506083429 
R        7 0
S       13                  193    0.700481659732759 
R        6 1
S       14                   31  0.05802282458171248 
R       10 0
S       15                   10   0.7031171438284218 
R        8 0
S       16                   34   0.1386751835234463 
R       11 1
S       17                  508   0.5256351232528687 
R       13 0
S       18                   67  0.05509207956492901 
R       12 0
S       19                   50   0.1982984463684261 
R       15 0
S       20                   17   0.4187902663834393 
R       14 0
S       21                   19   0.6116225887089968 
R       16 0
S       22                   20   0.4342804439365864 
R       17 0
S       23                   17   0.2943065497092903 
R       18 1
S       24                   33   0.3892745268531144 
R       19 0
S       25                   60   0.2040492426604033 
R       20 1
S       26                   44   0.4710412663407624 
R       21 0
S       27                  103   0.5942032127641141 
R       22 1
S       28                  808   0.2813712041825056 
R       23 0
S       29                   83   0.3078867914155126 
R       24 1
S       30                   26   0.2569168796762824 
R       25 1
S       31                   88    0.683698954526335 
R       27 0
S       32                   40     0.18362523522228 
R       26 1
S       33                  138  0.09187284763902426 
R       30 1
S       34                  349   0.3593645100481808 
R       29 0
S       35                  297   0.2344513833522797 
R       28 1
S       36                   11   0.3363471576012671 
R       31 0
S       37                   10   0.3729925258085132 
R       35 1
S       38                   25   0.3677143366076052 
R       34 0
S       39                  231   0.2298874082043767 
R       32 1
S       40                   40   0.1499317167326808 
R       33 0
S       41                  634   0.1075222273357213 
R       36 1
S       42                   35   0.2490584617480636 
R       37 0
S       43                  987   0.6278938665054739 
R       38 0
S       44                   50     0.16311274189502 
R       39 0
S       45                   10   0.4617134914733469 
R       41 0
S       46                  718   0.2199180936440825 
R       42 0
S       47                   32    0.159453134983778 
R       40 1
S       48                   27    0.481426696293056 
R       43 1
S       49                  224   0.3007612242363393 
R       44 1
S       50                   29   0.3521348661743104 
R       45 0
S       51                  356   0.2317667077295482 
R       46 1
S       52                  122   0.4892731318250299 
R       47 1
S       53                  293   0.4937251140363514 
R       48 0
S       54                  441   0.1801591739058495 
R       49 0
S       55                   51   0.2526063458062708 
R       50 0
S       56                   37   0.1862784950062633 
R       51 0
S       57                   17   0.2113903155550361 
R       52 0
S       58                   45   0.3939120043069124 
R       53 0
S       59                   75   0.3609364931471646 
R       54 1
S       60                   32  0.03498923312872648 
R       57 0
S       61                  159   0.4458710453473032 
R       55 1
S       62                  495   0.3526026452891529 
R       56 1
S       63                   17   0.4209684757515788 
R       59 0
S       64                   87   0.3620094126090407 
R       58 0
S       65                   37  0.07253424450755119 
R       60 0
S       66                   15   0.4342507608234882 
R       61 0
S       67                  274   0.3103071511723101 
R       63 0
S       68                  190   0.4326422517187893 
R       64 0
S       69                  411   0.1144648673944175 
R       62 0
S       70                   20    0.350207089446485 
R       65 1
S       71                  274   0.1662475392222404 
R       66 1
S       72                  176   0.1722278362140059 
R       67 1
S       73                   26   0.1508229258470237 
R       68 1
S       74                   67   0.6871703080832958 
R       71 0
S       75                  967   0.2446816358715296 
R       69 0
S       76                  376   0.3073775107041001 
R       70 0
S       77                   27   0.3075317633338273 
R       72 0
S       78                   82   0.4085593204945326 
R       73 1
S       79                  222   0.3498874003998935 
R       79 0
S       80                  451   0.4055119506083429 
R       78 1
S       81                   39   0.1790782599709928 
R       76 0
S       82                  645   0.5492097972892225 
R       75 0
S       83                   10   0.1648065517656505 
R       74 0
S       84                  779   0.2921188590116799 
R       77 1
S       85                  508   0.5256351232528687 
R       80 0
S       86                   67  0.05509207956492901 
R       84 1
S       87                   50   0.1982984463684261 
R       83 0
S       88                   17   0.4187902663834393 
R       81 0
S       89                   19  0.04326755553483963 
R       82 0
S       90                  309   0.4342804439365864 
R       85 0
S       91                   17   0.2943065497092903 
R       88 0
S       92                   33   0.3892745268531144 
R       86 1
S       93                   60   0.2040492426604033 
R       87 1
S       94                   44   0.4710412663407624 
R       90 0
S       95                  103   0.5942032127641141 
R       89 0
S       96                  808   0.2813712041825056 
R       91 1
S       97                   83   0.3078867914155126 
R       92 0
S       98                   26  0.05045385379344225 
R       94 0
S       99                   88   0.1965202167630196 
R       93 1
S      100                   40     0.18362523522228 
R       95 0
S      101                   37  0.09187284763902426 
R       96 0
S      102                  154   0.3593645100481808 
R       97 1
S      103                  297   0.2344513833522797 
R       99 1
S      104                   11   0.3363471576012671 
R       98 0
S      105                   10   0.3729925258085132 
R      100 0
S      106                   25   0.3677143366076052 
R      102 0
S      107                  231   0.2298874082043767 
R      101 1
S      108                   40   0.1499317167326808 
R      103 1
S      109                  634   0.1075222273357213 
R      104 1
S      110                   35   0.2490584617480636 
R      105 0
S      111                  149   0.1422253474593163 
R      107 1
S      112                   50     0.16311274189502 
R      106 0
S      113                   10   0.4617134914733469 
R      108 0
S      114                   87   0.2199180936440825 
R      109 0
S      115                   32    0.159453134983778 
R      111 0
S      116                   27   0.0942842960357666 
R      110 1
S      117                  224   0.3007612242363393 
R      113 0
S      118                   29   0.3521348661743104 
R      112 1
S      119                   32   0.2317667077295482 
R      114 0
S      120                  122   0.1362053267657757 
R      115 1
S      121                  293   0.2100851037539542 
R      116 1
S      122                   36  0.06428813841193914 
R      118 0
S      123                   51   0.2526063458062708 
R      117 1
S      124                   37   0.1862784950062633 
R      119 1
S      125                   17   0.2113903155550361 
R      120 0
S      126                   45   0.3939120043069124 
R      121 0
S      127                   75   0.3609364931471646 
R      122 0
S      128                   32  0.03498923312872648 
R      123 0
S      129                   39 0.005291666835546494 
R      126 0
S      130                  495   0.3526026452891529 
R      124 0
S      131                   17   0.2669166242703795 
R      125 1
S      132                   87   0.3025522460229695 
R      127 1
S      133                   37  0.07253424450755119 
R      128 1
S      134                   15   0.2914024074561894 
R      130 0
S      135                   42   0.3103071511723101 
R      129 0
S      136                  190   0.1490646619349718 
R      131 0
S      137                  411   0.1200824114494026 
R      132 1
S      138                   20  0.04505979456007481 
R      133 1
S      139                  274   0.1662475392222404 
R      134 0
S      140                  176   0.1722278362140059 
R      137 0
S      141                   26   0.1508229258470237 
R      135 1
S      142                   67   0.2773238448426127 
R      136 1
S      143                  967   0.2446816358715296 
R      138 1
S      144                  376   0.2299600122496486 
R      140 0
S      145                  162   0.3075317633338273 
R      142 1
S      146                   82   0.2456306819804013 
R      143 1
S      147                  109   0.3498874003998935 
R      139 0
S      148                  110   0.3307822304777801 
R      141 0
S      149                   12   0.2788970600813627 
R      144 0
S      150                  173   0.1448913863860071 
R      145 1
S      151                   20   0.1988706476986408 
R      146 1
S      152                   24   0.2314025675877929 
R      147 1
S      153                  274   0.1440869197249413 
R      149 1
S      154                  112   0.1356435678899288 
R      148 0
S      155                  261   0.2931083259172738 
R      150 1
S      156                  124   0.3458113758824766 
R      151 0
S      157                  176   0.1311780656687915 
R      156 0
S      158                   32   0.3027902645990252 
R      153 0
S      159                   77  0.05529958009719849 
R      152 1
S      160                   25   0.3337621493265033 
R      154 1
S      161                   37   0.1487943427637219 
R      155 1
S      162                  115  0.06048144912347198 
R      157 1
S      163                   44  0.05266160750761628 
R      158 0
S      164                   27   0.3012659819796681 
R      159 0
S      165                   21   0.1969840563833714 
R      160 1
S      166                   73   0.2875454425811768 
R      161 1
S      167                  391   0.3013239610008895 
R      162 0
S      168                   88    0.248704775236547 
R      163 1
S      169                   13   0.3057325254194438 
R      167 0
S      170                  114   0.1943448823876679 
R      165 0
S      171                   73   0.1015489092096686 
R      164 0
S      172                   20  0.01439415570348501 
R      166 0
S      173                  322   0.1732805231586099 
R      168 1
S      174                  595   0.3581192549318075 
R      169 0
S      175                   68   0.2673748219385743 
R      170 0
S      176                  173   0.3554137609899044 
R      171 1
S      177                   66  0.04393454780802131 
R      172 0
S      178                   32   0.2426326666027308 
R      173 1
S      179                   72    0.288109453395009 
R      174 1
S      180                  711   0.2424421454779804 
R      175 1
S      181                   73   0.3849666975438595 
R      176 0
S      182                   57    0.296306720469147 
R      179 0
S      183                   20   0.1883927648887038 
R      177 1
S      184                  111   0.3215336361899972 
R      178 0
S      185                   98   0.3131360854022205 
R      180 0
S      186                   24   0.2520031775347888 
R      181 1
S      187                   56   0.5684679271653295 
R      182 0
S      188                   28  0.06125397328287363 
R      183 1
S      189                   44    0.380371714476496 
R      184 1
S      190                   31   0.4132713214494288 
R      185 0
S      191                  135   0.1273935986682773 
R      186 0
S      192                  189   0.1523871538229287 
R      187 0
S      193                   35   0.1163332420401275 
R      188 1
S      194                   43  0.03229258907958865 
R      189 0
S      195                   94   0.1187754184938967 
R      190 0
S      196                   89   0.1847639428451657 
R      191 0
S      197                  721    0.263519274070859 
R      192 1
S      198                  177   0.3135522035881877 
R      193 0
S      199                  301  0.07404481573030353 
R      194 0
S      200                   25   0.2501470725983381 
R      195 1
S      201                   51   0.2537507172673941 
R      196 0
S      202                  173   0.3820460666902363 
R      197 1
S      203                   59  0.04622871987521648 
R      198 1
S      204                   43   0.2961109327152371 
R      199 1
S      205                   87  0.04973791586235166 
R      203 1
S      206                   23   0.3162653888575733 
R      200 0
S      207                  602   0.2002082886174321 
R      201 1
S      208                   34   0.2017270918004215 
R      202 0
S      209                   44   0.1537611577659845 
R      204 1
S      210                   23  0.06868548365309834 
R      205 1
S      211                  140   0.3450244031846523 
R      207 0
S      212                   90    0.218585935421288 
R      206 0
S      213                   34   0.2524069976061583 
R      209 1
S      214                   32   0.1812317753210664 
R      208 0
S      215                  104   0.2374870949424803 
R      210 0
S      216                  357   0.2785653327591717 
R      211 0
S      217                  115   0.2298992769792676 
R      212 0
S      218                   75   0.3766853995621204 
R      213 0
S      219                   57   0.2830724027007818 
R      214 0
S      220                  144   0.1755221914499998 
R      217 0
S      221                  242     0.18602159852162 
R      215 1
S      222                  243    0.141442880500108 
R      216 0
S      223                  275   0.2694107498973608 
R      218 0
S      224                  155   0.3172146966680884 
R      219 0
S      225                   32  0.08983760140836239 
R      220 0
S      226                   31   0.2526354319415987 
R      223 0
S      227                   32   0.2252527489326894 
R      221 1
S      228                   90    0.141142079140991 
R      222 0
S      229                   20   0.2984156664460897 
R      224 1
S      230                  122   0.3580929944291711 
R      225 1
S      231                  135   0.2226170408539474 
R      228 0
S      232                   16  0.07587879616767168 
R      226 1
S      233                   71   0.2295648413710296 
R      227 1
S      234                  566  0.03436952410265803 
R      229 0
S      235                   31   0.1500263935886323 
R      230 1
S      236                  223   0.3370229732245207 
R      231 1
S      237                  171    0.227364944294095 
R      233 1
S      238                   73   0.3173888479359448 
R      232 1
S      239                   33    0.152731210924685 
R      234 1
S      240                  482   0.3585431412793696 
R      236 1
S      241                   30  0.02648367406800389 
R      235 1
S      242                   87   0.1852608527988195 
R      237 1
S      243                   49   0.2768089473247528 
R      240 0
S      244                   27  0.08723913598805666 
R      239 1
S      245                  253   0.3048490062355995 
R      238 1
S      246                   68  0.09920256026089191 
R      241 1
S      247                   54   0.2593285450711846 
R      242 1
S      248                   25  0.09946975624188781 
R      243 0
S      249                   53   0.1533452509902418 
R      244 1
S      250                  267    0.134323260281235 
R      247 0
S      251                   65   0.2066910131834447 
R      245 0
S      252                  139   0.2315069958567619 
R      246 0
S      253                  433   0.3793100430630147 
R      248 0
S      254                  103   0.3297352278605103 
R      249 1
S      255                  305   0.1817652625031769 
R      250 1
S      256                  202   0.2610807367600501 
R      251 1
S      257                   58   0.1350817405618727 
R      252 1
S      258                   43   0.1804963950999081 
R      253 0
S      259                   30   0.2323082112707198 
R      254 0
S      260                   27   0.3490807698108256 
R      255 1
S      261                  155    0.170694881118834 
R      257 1
S      262                  194   0.2441951697692275 
R      256 0
S      263                  175   0.2006139541044831 
R      259 1
S      264                   45   0.2766990759409964 
R      258 0
S      265                   67   0.1396079547703266 
R      260 0
S      266                   34   0.2305604410357773 
R      262 0
S      267                   30   0.2780420165508986 
R      261 1
S      268                   71 0.003717873711138964 
R      263 1
S      269                   43   0.2829271331429482 
R      264 1
S      270                  167    0.163323522079736 
R      265 0
S      271                   61   0.2754888338968158 
R      266 1
S      272                  210    0.322853819001466 
R      267 0
S      273                   52  0.05888795480132103 
R      270 1
S      274                   50   0.3224345478229225 
R      268 1
S      275                   20    0.137175289914012 
R      269 0
S      276                   40   0.3418782972730696 
R      271 0
S      277                  453   0.2585552367381752 
R      272 0
S      278                   58   0.2295807162299752 
R      274 1
S      279                  194   0.2244922430254519 
R      273 1
S      280                  195   0.1337077394127846 
R      275 0
S      281                   23   0.2258094870485365 
R      276 0
S      282                   49   0.2402423294261098 
R      277 1
S      283                   24   0.2413179944269359 
R      278 1
S      284                   13    0.110685411375016 
R      279 0
S      285                   62   0.3833767333999276 
R      280 1
S      286                  104    0.307270466350019 
R      281 0
S      287                   58    0.223372611682862 
R      283 1
S      288                   79   0.2645378173328936 
R      282 0
S      289                  127  0.03621972864493728 
R      284 0
S      290                  325  0.09576441999524832 
R      285 0
S      291                  106   0.1073520053178072 
R      286 1
S      292                  137  0.04447446437552571 
R      287 1
S      293                  102   0.3115476509556174 
R      288 1
S      294                   62  0.06250820914283395 
R      289 0
S      295                  251   0.3105816021561623 
R      290 1
S      296                   82   0.2887558890506625 
R      291 1
S      297                  181   0.1097639692015946 
R      292 0
S      298                   98   0.1479054526425898 
R      293 0
S      299                  108   0.1025460138916969 
R      294 0
S      300                   32   0.1233149883337319 
R      295 1
S      301                   24   0.1301910458132625 
R      296 0
S      302                   46    0.163593961391598 
R      297 1
S      303                  106   0.1000672075897455 
R      298 0
S      304                   15 0.003554109018296003 
R      301 0
S      305                   39   0.1790782599709928 
R      300 1
S      306                   31  0.05802282458171248 
R      302 1
S      307                   10   0.1648065517656505 
R      299 1
S      308                  231   0.1386751835234463 
R      303 0
S      309                  183    0.170853725168854 
R      305 1
S      310                   67  0.05509207956492901 
R      304 0
S      311                   50   0.1982984463684261 
R      307 0
S      312                   32  0.07681774580851197 
R      308 0
S      313                   77  0.04326755553483963 
R      306 1
S      314                   20  0.07838984066620469 
R      309 1
S      315                  117   0.2943065497092903 
R      310 1
S      316                   33  0.08692856831476092 
R      311 1
S      317                   60   0.2040492426604033 
R      312 1
S      318                   44   0.1209687162190676 
R      313 1
S      319                  103   0.2974371728487313 
R      314 1
S      320                   93   0.2813712041825056 
R      315 1
S      321                   83   0.3078867914155126 
R      316 0
S      322                   26  0.05045385379344225 
R      317 1
S      323                   88   0.1965202167630196 
R      318 1
S      324                   40     0.18362523522228 
R      319 0
S      325                  138  0.09187284763902426 
R      320 1
S      326                  154   0.1138929012231529 
R      321 1
S      327                  297    0.130039690528065 
R      322 0
S      328                   31   0.1776434099301696 
R      323 0
S      329                   28   0.1503615560941398 
R      324 0
S      330                   25   0.1762040010653436 
R      325 1
S      331                  231   0.2298874082043767 
R      326 1
S      332                   40   0.1499317167326808 
R      327 1
S      333                  274   0.1075222273357213 
R      328 0
S      334                   35   0.1756964330561459 
R      329 0
S      335                  149   0.1422253474593163 
R      330 0
S      336                   50   0.1143137020990252 
R      331 0
S      337                  216   0.1252377037890255 
R      332 0
S      338                   87   0.2199180936440825 
R      333 0
S      339                   32    0.159453134983778 
R      334 1
S      340                   27   0.0942842960357666 
R      335 1
S      341                  224   0.1455993070267141 
R      336 0
S      342                   29   0.1784154535271227 
R      338 1
S      343                   51   0.2317667077295482 
R      337 0
S      344                  122   0.1362053267657757 
R      339 1
S      345                  293   0.2100851037539542 
R      340 1
S      346                   47  0.06428813841193914 
